002010069,400009080,906428705,040376150,730500020,001000340,500000090,894060010,000954002,
900508007,080302905,054000080,070680032,100004008,500219060,000906001,726001040,001470056,
006000300,001903760,473000800,060720930,340500078,100380240,080201400,730000100,019407500,
001006435,000001000,050470980,002080709,008700612,064010050,910342807,027000090,603090500,
040900380,600000090,290374500,017096023,000200054,804700000,002530908,400027601,081000270,
075000020,369200700,008035169,600013000,000600005,094070600,450000387,706050402,002347010,
680007000,015042800,400060130,132680700,500000001,060200305,871020050,009051267,200003900,
070904501,000007600,000613007,057002096,306705200,080190700,010000062,928501004,060400085,
004001602,050409030,013280000,000704908,429800763,078002000,830040157,040020090,100070004,
009003000,000620904,827000603,210360045,096070000,700040190,062450300,100706400,300982060,
000084003,130050094,905013070,400096000,003700001,750030469,504078020,360029050,020000307,
004672000,500800096,063040008,382100960,475000100,910204500,000000029,001000743,200063801,
050672000,200000600,409801200,020090050,573284009,040057023,600405007,800003400,034908006,
506304000,490005763,087902000,023406150,050008000,100750080,275600800,030807009,000031070,
002300004,080069000,459207160,145092038,670010040,200000651,017006300,000000075,804500010,
650007903,002100600,900063004,129000000,304908100,000300479,006080305,740500001,581400026,
730950000,200670580,005010400,190063205,040000600,568207000,020081300,001009760,070520809,
000400000,005126734,460003000,004001068,010678002,006205007,652800400,900060050,178350900,
870600045,050307000,309100720,100500079,000003102,760020500,080000204,905230087,427050010,
605400302,734060058,010530000,042607195,097004060,000013007,906305000,470091020,000020000,
070130680,002000030,530704009,003020060,000915002,004083190,005000906,700340850,890056073,
005000210,196284753,030150406,308005000,400063000,501920374,000002500,050030600,013040000,
208003750,006071803,750040109,530000008,609010205,007490001,002100307,005600490,370080000,
001638002,403950000,000470319,009007500,004005008,518004007,800020074,002740005,047089060,
479012000,030670010,102900704,000040568,680000002,200863090,340080900,020400800,801520400,
009420060,070905302,500003090,000801020,260000051,018200400,380004019,094030685,021008030,
685130047,700000010,010764050,900070504,801009072,403006000,000427390,040900068,107000400,
310605400,604210083,900030020,247560030,860100000,005302670,080000004,030000762,500070809,
000807000,257049100,980031200,020000307,008062514,501370809,030496000,096700480,700000000,
704530200,008160000,102000685,007910068,005007302,680054190,000700800,250000473,000040026,
560900007,000687910,190250600,605400002,210008064,004002098,900045871,050000000,070001250,
020000000,400090800,960204057,809600105,500800046,130009720,700415269,290000580,005008003,
415078209,060029500,000001470,300045002,000100050,007030090,670900130,049013020,031250006,
605000709,734598002,200764300,100083004,040010860,508400003,001040200,906801430,000200000,
794080032,021400590,305000004,139065020,000243000,040701000,453000800,067050309,008300050,
040900210,802517000,106004003,080702001,050301649,000050020,561098070,009600000,308145000,
000400000,005126734,460003000,004001068,010678002,006205007,652800400,900060050,178350900,
247091068,105760300,860400007,900206000,000947680,604050019,700030920,409600000,000000403,
001905007,200038049,040276501,020000096,054003000,109480700,087500960,010809074,000060080,
000084003,130050094,905013070,400096000,003700001,750030469,504078020,360029050,020000307,
007680001,000030805,580209060,930060024,608040509,000190086,354026000,009000600,062051040,
000805013,000203600,600090204,000000005,040100706,256304890,590007102,102080470,004910038,
503200100,006007802,100300705,351002084,007040610,460801000,000008561,002415070,805060000,
984000000,007049003,603807050,370902000,429100306,061370000,032006715,700010630,190000000,
000079200,000000467,700162090,060910720,340087509,090000300,006040170,801720040,473000052,
030109706,050004009,000830450,020647005,070000061,805321004,000010503,580090020,043502100,
002501004,800609200,500800003,405960378,703000020,920004560,107400830,000750090,096200005,
007600254,002010000,060027913,000870005,050340700,473206000,734590062,210000030,600002070,
400000069,003200081,000600400,157000690,000070802,204016000,500003728,602894030,831520040,
501702084,009301057,820400600,406017800,210006000,050000096,060140000,100600420,074290500,
900340600,600007004,020500013,700009508,008730062,130000470,340051700,006000891,871020040,
000306574,400100083,700284610,513600000,090031720,070040060,026005007,150000900,300928000,
100034008,070680030,008210704,054090680,910508020,080300005,305906871,006000040,001070200,
072030080,800009000,540027013,006208000,080700100,150490830,005902370,063185409,020000500,
605400302,734060058,010530000,042607195,097004060,000013007,906305000,470091020,000020000,
568093007,340007005,097504603,700012500,019008760,080700030,020035800,051206300,000900000,
003070005,000162004,476030019,740010000,360050007,501687002,080045926,030000850,000000473,
908004062,312600400,674010038,701000000,000850706,020073890,863097050,095042000,000000900,
000062300,349010700,050430001,002650009,008040162,064291038,000006000,080070054,900320607,
005017000,720394001,091000000,900400560,007050342,200030107,009123605,000009704,038706009,
004962300,060100400,820370006,001406020,002750000,093200704,270030940,100000275,900820001,
042005006,197000040,560400109,801300260,900071450,003256000,005032700,004590600,000760080,
800473000,026851090,005000800,013008400,607302900,050097608,062730500,030200706,400600020,
015070000,400800750,008009016,964107030,082390500,500004090,020410800,001703904,000920065,
508010407,340000900,100000000,073091250,801706040,920005071,085400000,019500700,734000598,
000300020,003250108,000800043,004090200,680102070,010760800,340915700,068400310,197000402,
000460030,390001705,284000090,500870613,831090000,002510080,060000009,405026300,000047561,
560000470,409360501,308510200,045090010,032751000,100002307,010905700,007130046,004000000,
500913720,300080509,090250080,680470230,009500460,704000005,020000000,400891600,850720003,
000060004,080750000,400020100,026300415,008402000,340500020,070630040,094075801,503948670,
219046030,005100000,034000260,026007503,001090007,473065008,060402310,340000780,100000450,
903420068,050000190,607015300,070030680,100008700,008060019,091250473,305001000,706000050,
001000928,400185060,078000400,000000600,250040801,613007500,802096050,705010300,196750080,
010086032,020009650,603000910,001543206,040020081,250100000,700005000,100070865,098001304,
000400087,080700490,300920010,001670040,640830275,027549030,006050020,218000700,053004000,
000003027,100004603,000600010,685070132,700160508,019500004,900040071,000726000,073891050,
200087005,510090760,037000920,640820050,020050006,305069284,100900670,000005030,082001009,
000400030,704800102,000230409,040509080,500000913,100080204,000000345,051940720,473050091,
000100300,082060470,000040010,020401708,850700200,703982000,270594003,406810507,300020090,
000078000,001409063,700060020,530106204,102045006,064032050,010084000,400207830,270003500,
001638002,403950000,000470319,009007500,004005008,518004007,800020074,002740005,047089060,
123085400,000034026,006010003,007920000,390000062,005473009,072000901,000107040,950342008,
000078000,001409063,700060020,530106204,102045006,064032050,010084000,400207830,270003500,
230497080,095006407,060580012,078304009,040000050,002819370,086200000,000070000,700031065,
607900203,903420860,000083001,530060902,000000037,400132500,040070609,720000000,891250070,
003072409,090001752,070500006,030284600,201300040,069107000,906410000,100060920,307000105,
906340810,051700300,470091005,000903002,002087000,107200600,085009100,034060009,010508706,
307000960,092060000,010009074,004003200,800701096,169002753,048270500,075100640,600000800,
420070805,070105602,061090004,904002051,050301069,610009000,802000000,090824500,040906020,
006000300,001903760,473000800,060720930,340500078,100380240,080201400,730000100,019407500,
050000900,000831250,207000613,906007030,128000700,000204096,810760029,734028001,000410000,
209060038,004508100,605000409,050340020,000001000,470006891,000420913,042910600,097000204,
794080032,021400590,305000004,139065020,000243000,040701000,453000800,067050309,008300050,
005003094,730000600,092415083,050602040,060030072,080509000,906150300,108090400,500204060,
605400302,734060058,010530000,042607195,097004060,000013007,906305000,470091020,000020000,
000407003,000915000,100683004,680030009,730098010,000760058,470000081,851000270,026800430,
070029100,005000960,200501000,820100703,936000208,007830096,301007609,702900501,409003000,
900300071,437800250,005020049,058409030,700100098,290030004,080013000,304687000,100250000,
000540000,000002080,649830057,062000300,100703420,300920060,096100030,200096700,753200196,
823157004,000306802,169004307,000010260,400700001,500928400,048002000,070030040,001509020,
000065928,105020760,002800000,530489000,640700830,007010049,490008157,018000300,000091200,
000830057,008500600,130002080,802390700,600100032,057204090,060410370,073908060,000760400,
027500900,003100200,015304007,700201500,598043160,132000000,801960345,009000000,006037090,
047093508,000000040,000500190,312049600,900612700,670008019,081005926,009006800,000001073,
000050920,100042763,902007005,000003157,050609080,000570000,500098602,027301009,049700830,
948600301,005800469,600540200,307415690,000063800,010920004,000390008,020057000,100204000,
000805013,000203600,600090204,000000005,040100706,256304890,590007102,102080470,004910038,
802096000,005018030,106700024,078902105,000105603,001000098,984031700,250049080,600000000,
000004670,009200801,007613049,050100284,010000396,496800050,300061020,085400060,900078000,
005809470,020060001,070000069,400000100,002108906,300940028,230750694,500003800,690002350,
080020470,034580002,019000038,508470900,042050680,090630000,000000045,051390700,403005091,
123085400,000034026,006010003,007920000,390000062,005473009,072000901,000107040,950342008,
060045370,005673420,004000001,500702004,609000250,807009003,490517800,210036000,050020100,
078410009,501020470,029060000,030007694,045300810,100000300,904672130,600000708,000831000,
100006830,080573090,000028000,070301980,549087610,800409200,000002300,763000009,928700500,
032107006,040006000,190004703,078400062,009703085,000020304,004602001,250801600,013009020,
096208075,200753010,050006002,070031090,000000520,500020163,010900030,003080209,900374601,
000020568,000000000,087910342,470130000,062090000,030760210,005800026,700309850,891250003,
030000906,602943851,000000073,391700068,000010042,400086000,947030000,016095030,800067009,
926340001,001700309,003800206,000007000,060910420,097200603,080470102,704162008,000530000,
745090000,032150046,000280503,200000060,980600351,000540207,308000002,020760010,060908034,
002000070,180703020,304000001,531000904,800049600,040800057,096057830,010396040,050280090,
290005000,500703409,000908561,000040610,900800007,003672080,640050800,820306045,305200100,
746210038,509000102,003005070,608107004,472008000,000300600,007006305,394800700,000473001,
020091003,700345020,009006800,310409005,604500009,008100700,803054007,005080002,047013560,
068027901,000910008,107003040,470206000,051349700,020870350,019060000,030500006,605000407,
200087005,510090760,037000920,640820050,020050006,305069284,100900670,000005030,082001009,
602410008,015703009,734008060,503204000,008090005,006057030,050070904,409000250,087000603,
000400030,704800102,000230409,040509080,500000913,100080204,000000345,051940720,473050091,
007060200,002100087,500240010,704958160,080302079,210070000,920080340,473000001,800039000,
600810270,030607940,000500630,406070003,218009704,700208060,002450000,100030490,004000516,
600801750,070549010,003602080,200306040,060150000,035084600,006410000,058000920,007900165,
601590807,205010000,040600030,020075006,704069018,169048000,007451060,000902300,400006005,
000409802,570380004,000002500,328017060,057930000,900020730,780100000,605208007,094073050,
501009000,209730015,073000028,005800602,040027800,728103000,307006000,810470396,000002100,
300415200,409760001,060028400,100080057,045300000,802100600,050000006,904000135,610500728,
300415200,409760001,060028400,100080057,045300000,802100600,050000006,904000135,610500728,
003560470,000342001,020197000,430006810,206800090,900003060,000605123,058009700,002034500,
370062000,029100700,501000928,800496107,040010096,106753004,984000000,000000030,610020540,
240560090,063090025,005300760,012605940,908000000,600200053,700906004,006473100,000001072,
004100005,007832600,390700800,600980100,801207004,049013002,010308296,703000000,000061407,
672030940,800600075,009820600,100000020,000008750,284753109,703180000,405000300,000374006,
023497085,580020704,706503000,090760051,000350020,060009000,472030000,000045097,950008002,
000700000,720009051,891026070,903200068,680100342,254000000,009310680,000950004,030670010,
201000000,067008009,005100734,080250107,509007302,020910068,170005026,903026001,000000403,
031607000,600800257,800090603,400000832,010069000,703240006,902401078,085000009,304000061,
000400087,080700490,300920010,001670040,640830275,027549030,006050020,218000700,053004000,
060000420,300008900,007245600,906304000,073010200,850062349,004120098,009003060,600400130,
078410009,501020470,029060000,030007694,045300810,100000300,904672130,600000708,000831000,
004001602,050409030,013280000,000704908,429800763,078002000,830040157,040020090,100070004,
072000049,831600500,049870106,006201400,000460320,000030001,015920003,760058200,020300600,
009002005,538064009,162000030,003027000,054600100,007015340,300801906,700300850,091000470,
001200870,006080024,080073005,620130080,800940052,594008306,309000540,100090208,000057000,
060100400,005000000,920347560,602013080,801090057,000002010,150409032,300081740,004705090,
000830057,008500600,130002080,802390700,600100032,057204090,060410370,073908060,000760400,
003200010,010069075,096075302,060050008,080036249,070900000,001007090,000000527,827090163,
046832050,028045090,000196200,409007001,350900072,080600000,700500020,800009760,600370405,
370062000,029100700,501000928,800496107,040010096,106753004,984000000,000000030,610020540,
002000070,180703020,304000001,531000904,800049600,040800057,096057830,010396040,050280090,
027501984,013009200,004007600,075400832,300018700,008050100,036185009,000000370,980300000,
019000000,600003040,734589610,006817430,051390000,403200000,000470103,002900867,090030020,
070004130,945610000,000057006,050030004,693040002,482106057,500370060,060000081,809500070,
000400000,005126734,460003000,004001068,010678002,006205007,652800400,900060050,178350900,
002905680,500007910,000603204,026001000,851000720,473050000,680100470,030008160,209060008,
002000010,085400060,004061008,531980000,049200830,027600009,400032157,008705000,050096280,
100006830,080573090,000028000,070301980,549087610,800409200,000002300,763000009,928700500,
105002084,006301207,020050000,090010000,802036740,307020090,470008001,001600009,269140370,
060300871,000090200,005726040,000000132,743062090,201008000,580013420,000000915,079054080,
006150002,703280006,010096040,900405078,000000400,374008561,501070080,009830057,000009603,
056891040,040700001,801005200,102070000,598060004,064038100,027003050,000204007,900080432,
060200001,053980600,700613000,096308000,500409003,037501028,640000157,820740000,005106000,
007010005,000200000,501984070,400030701,018705690,750000000,962078010,005409300,304061809,
060000010,042105680,097063204,026700300,050430000,403506800,605300470,730000002,200074008,
801296000,300081706,200000090,102065479,000109030,590300062,400000013,910000687,080007050,
000020568,000000000,087910342,470130000,062090000,030760210,005800026,700309850,891250003,
054070026,002049801,000256000,407130605,000008700,083060010,200683090,600015040,001427000,
042005006,197000040,560400109,801300260,900071450,003256000,005032700,004590600,000760080,
000703100,050490830,090018745,130049000,900800603,206001980,504962300,000080020,020004500,
013420086,204600000,087010300,000030600,062500003,500764091,700040810,040800060,001256037,
005020009,406810050,070000316,500240600,064070238,180300000,609001800,740900060,000736024,
900000002,402005086,650400000,865132000,304090061,029000000,006070543,743256108,001009000,
020040800,003001050,801706349,005009102,210008064,000060500,560913400,042600010,107000603,
004000120,098026300,030097005,871354290,000060080,056009000,905070002,020030000,683205907,
000200700,050096832,080700006,410000078,020074500,703185400,002531004,031640050,009000610,
001760000,000080250,820409010,090510030,210036700,050804090,960000008,105670400,074290501,
100000000,598304620,764100380,801206400,040001200,056700000,420058030,000032876,600007040,
370005962,429060005,501920370,832007490,006000050,000000018,080000030,057031609,003040007,
000407003,000915000,100683004,680030009,730098010,000760058,470000081,851000270,026800430,
700865900,000790200,010043070,231500000,407912580,800037106,100609004,940050000,052300000,
307000960,092060000,010009074,004003200,800701096,169002753,048270500,075100640,600000800,
008247903,030100080,917003050,060300000,070058060,109670000,296001300,000439006,003526001,
070904301,030057000,009610080,100032906,006045108,284000070,405078002,003000000,900561704,
007010005,000200000,501984070,400030701,018705690,750000000,962078010,005409300,304061809,
050009813,980350607,600080594,832006000,700128009,190073200,370690050,020000700,000004000,
010070050,800100743,400030200,700013006,001600000,368004079,087305960,930020800,005890407,
003009060,580007029,260504078,004700000,010600005,357482100,008000000,006000257,105076984,
490157000,018090000,750284106,060415070,100700400,000908061,007500013,640000200,501070080,
409700032,281690005,730482006,000270900,000008200,002005613,900010378,150300000,000009560,
007010005,000200000,501984070,400030701,018705690,750000000,962078010,005409300,304061809,
080030070,010704805,730508200,020871043,801000007,400000098,508000010,040005006,107083452,
613800090,007640800,900531007,830096000,096700240,740010069,008060401,420080030,061000000,
060800500,005000367,370065809,609002100,001489200,000306900,050000400,010547003,096038051,
000100300,082060470,000040010,020401708,850700200,703982000,270594003,406810507,300020090,
000400087,080700490,300920010,001670040,640830275,027549030,006050020,218000700,053004000,
240560090,063090025,005300760,012605940,908000000,600200053,700906004,006473100,000001072,
906340810,051700300,470091005,000903002,002087000,107200600,085009100,034060009,010508706,
690170000,350040100,802360704,000000908,940000005,000590630,260050087,081006490,073082010,
068002479,403008000,021600530,800047913,700003004,234190087,047520001,080400020,000000000,
030040007,040021390,190000080,378200010,400518700,001400020,013700040,257900830,900003072,
004500080,357804610,812006500,040380700,000060098,028059000,060000830,501670942,070000100,
000107008,012096007,057204091,130600480,906030050,720500306,001760004,070000005,200410070,
600079032,000060500,209008700,906305001,850000300,473001250,042680900,000013427,090200600,
000345020,349706001,206001470,102079085,590000000,060000219,910007042,027913060,000000000,
020503001,050000349,070190056,000000700,730200508,005074130,008309000,302006900,197052603,
906340810,051700300,470091005,000903002,002087000,107200600,085009100,034060009,010508706,
685130047,700000010,010764050,900070504,801009072,403006000,000427390,040900068,107000400,
009420060,070905302,500003090,000801020,260000051,018200400,380004019,094030685,021008030,
002000010,085400060,004061008,531980000,049200830,027600009,400032157,008705000,050096280,
094000830,002306740,057280100,200400000,501760429,000928060,130000980,046831050,008000000,
060501800,473002005,501000024,810600000,090000030,357020601,005207480,946100750,008900010,
020345007,050006300,400001265,730100009,605079003,209008700,042007951,000050038,060000402,
060010004,080090200,400000613,507460832,024035096,036200700,600150420,045000370,008007000,
680007100,020915807,900603520,056002000,300000000,092060058,700056081,008349006,000801430,
920340080,473801005,800706034,085009200,009000470,730060809,000000002,340000001,007254360,
908001040,700420050,000300926,157000060,096705201,080100700,070984000,830250690,540010000,
600410308,805063400,730020001,006157002,570004106,120096040,300000080,069030050,007040010,
820096007,700018000,069053200,087902400,490080063,000300908,631020009,040530000,000609801,
090751023,218603754,000402000,100000092,000500380,300820506,000070048,049000070,020005631,
290873010,400005920,010024000,000089600,004000830,082310500,009238007,800047000,305090284,
607042010,250107000,013560000,001073200,006850000,305906870,070000132,100730500,030200064,
900130080,000000007,800764912,600009108,503870609,000050074,019400005,000900243,002683700,
060000910,203015680,000603254,020001300,150040006,000200890,006002079,407090062,912700500,
060045370,005673420,004000001,500702004,609000250,807009003,490517800,210036000,050020100,
500670900,040800000,800500613,062400070,100003020,374908000,096107802,218006045,050080090,
006170030,210009500,053008000,000627400,827500016,040810052,000000870,004000165,100736024,
001984760,600057000,807010000,960308105,185020073,300000208,210000036,000100004,096002510,
500027001,800000075,602030940,150490003,080700009,000218000,400902007,928300016,063185000,
508402001,300951078,100600005,034089020,000123097,019746003,001000060,026800004,070000010,
600305870,080020000,007890056,060070100,403162008,901030764,000003007,230600900,710054003,
050000190,000000042,910027568,345001906,700340000,890206003,008700210,160008004,000100685,
269000000,081703004,470920105,694050200,002390540,050080000,005002409,906000052,700509300,
984000670,610800500,057000031,070900410,420180703,500304000,705200000,002490057,190003200,
200087005,510090760,037000920,640820050,020050006,305069284,100900670,000005030,082001009,
672003004,031000250,040000013,107040000,390000045,200075106,005096378,060508009,900007501,
200690801,000003600,013802540,705080396,830400000,106005000,370906010,029108000,560300020,
037091020,800026030,062345000,006910000,004007590,100000308,291508476,043060000,000409200,
340026080,001070000,720800439,409600302,000019070,100004900,000568007,000002005,254097863,
020300900,000752030,105080206,600038751,002047003,000600400,009003510,581004300,470100029,
500913720,300080509,090250080,680470230,009500460,704000005,020000000,400891600,850720003,
026001000,300009257,495000010,040053100,063210740,001090030,089070001,600080429,000960308,
006100345,801040720,003602891,560020913,342009087,007300000,080001470,010467000,000000000,
002800300,000009020,437256000,100000004,304010607,506407010,608102479,003500060,090704038,
042005006,197000040,560400109,801300260,900071450,003256000,005032700,004590600,000760080,
100029003,002378015,074000008,496000050,008745096,703006080,001000670,640250000,000613500,
501060024,060400073,070000105,000007208,802390547,300284090,005600400,020000310,946001700,
903008400,050107003,687302900,000600000,538200000,102004090,300906070,726851040,000403250,
038004002,002500430,079130506,000680701,000010040,010020005,720300050,345070620,090056370,
007600254,002010000,060027913,000870005,050340700,473206000,734590062,210000030,600002070,
020000000,158000030,340160902,009208175,000040000,035601000,000300594,513480007,690752003,
000200700,050096832,080700006,410000078,020074500,703185400,002531004,031640050,009000610,
007530000,010040725,000827060,451960800,036000040,000074000,075006003,309208500,248053010,
006057820,210006750,753004009,060005300,000700402,300928006,020540001,001070948,009001070,
004500080,357804610,812006500,040380700,000060098,028059000,060000830,501670942,070000100,
500601000,030075049,000948000,157000000,096000208,200169050,410307060,020510370,703400180,
085000420,900405378,070000561,218006705,000004090,090007830,820049000,609830000,500600084,
020000000,158000030,340160902,009208175,000040000,035601000,000300594,513480007,690752003,
002501004,800609200,500800003,405960378,703000020,920004560,107400830,000750090,096200005,
008140902,020673000,061200374,190024053,700000010,032000090,007380609,900700501,610000020,
000060030,207380040,600000020,300145200,561290070,009070001,802510604,040936800,090004307,
000670013,010040802,000030090,308015006,400760058,001900007,000090200,832157009,090204735,
000070090,706340001,801250740,102090074,409032005,500700020,913420650,007000000,054080010,
607900203,903420860,000083001,530060902,000000037,400132500,040070609,720000000,891250070,
070000060,000067105,005029304,009076501,700000000,310045820,038001090,507693018,090480050,
060100749,074590612,020000350,096870005,500000076,703006000,658400000,000015800,910680004,
250710608,903800072,087004001,062403500,079060023,000901040,005090000,706080094,801040000,
008420910,432015087,900080204,800002070,074008000,029004530,000070000,043006090,580009726,
105002090,020549063,040030020,060010030,400928001,501060009,090000000,800390475,357280900,
501702084,009301057,820400600,406017800,210006000,050000096,060140000,100600420,074290500,
370005962,429060005,501920370,832007490,006000050,000000018,080000030,057031609,003040007,
820040060,001600890,009831507,490157000,000000000,053004000,960415008,100763200,300028051,
010600300,027000060,083004107,001005926,040720801,250801403,032409000,508160000,060008009,
010009008,207030000,004602030,378400009,429000081,061928400,006084307,040090010,830000604,
904670301,257800060,600509000,070010092,000008000,429700010,032050940,190000573,740006020,
501004002,609507380,007000400,006302010,210000006,700900824,300601208,960700105,005200670,
400050032,010090705,753004196,001070000,609001250,000500613,304008001,000400078,000763029,
403020071,260050049,908400056,042007000,000040915,109500007,380209700,021030508,790000000,
001638002,403950000,000470319,009007500,004005008,518004007,800020074,002740005,047089060,
005800920,000049851,091200003,003420560,054603000,680915040,400030600,002590000,008064009,
415069070,003001020,000403500,672100004,830000057,500008013,280007106,096000045,150600800,
010049800,080002501,200800649,000150000,740300210,006084750,370000962,400060105,000908074,
608123079,003080062,291040530,000030200,004951000,000000913,900807005,800090026,400065800,
000078005,005429000,730001090,070000020,906000507,120005936,069057081,301900060,200610450,
010070050,800100743,400030200,700013006,001600000,368004079,087305960,930020800,005890407,
001200870,006080024,080073005,620130080,800940052,594008306,309000540,100090208,000057000,
501009000,209730015,073000028,005800602,040027800,728103000,307006000,810470396,000002100,
000105700,003060405,165004900,000096007,007208396,001753080,010020500,480030072,700009031,
030000906,602943851,000000073,391700068,000010042,400086000,947030000,016095030,800067009,
900670531,000049820,270031049,000150400,004306200,069000053,000005962,002700005,500020370,
003000007,420091000,015068300,870034906,300000051,206089403,590216000,102907080,700050000,
050672000,200000600,409801200,020090050,573284009,040057023,600405007,800003400,034908006,
560003000,100254080,042680900,050020009,073800056,926340001,209008700,034060000,600400102,
340000070,800407250,706800309,013006400,007004010,004000603,079650102,000700598,030291700,
926340001,001700309,003800206,000007000,060910420,097200603,080470102,704162008,000530000,
100427568,067010300,004683107,749030000,602590700,300000009,005801006,270009000,900200003,
906800000,050049602,473206009,000132907,704590010,009000000,002015068,560007301,100600400,
070004130,945610000,000057006,050030004,693040002,482106057,500370060,060000081,809500070,
060501800,473002005,501000024,810600000,090000030,357020601,005207480,946100750,008900010,
926040080,400001000,850026409,097004063,302000100,500013040,000079310,704000058,200538600,
609007000,030094672,800100049,490300050,000000006,703010280,962030005,180200760,074651000,
873410900,065028070,020703000,540000210,208007490,690080000,480000500,700031609,010009807,
254630700,010002800,007951040,070000580,162009407,038700902,720300008,300800609,091000000,
000400087,080700490,300920010,001670040,640830275,027549030,006050020,218000700,053004000,
752031000,306509802,489000513,008050469,000300081,600200005,073000006,004700100,005028040,
000590037,079032080,008700000,300001620,090006370,720300158,000007865,087010240,054600700,
000590037,079032080,008700000,300001620,090006370,720300158,000007865,087010240,054600700,
300009178,006150940,091300650,900005020,600240500,004000300,070086200,160407890,500002407,
730950000,200670580,005010400,190063205,040000600,568207000,020081300,001009760,070520809,
400870020,080000400,006300801,700100080,612098734,000060019,193427500,807010302,020003000,
400800007,350672004,280000103,000007000,028300400,070204916,092405030,800763009,730000051,
018300000,490107032,003284006,060015008,080763029,304000000,001070084,640000207,020500603,
002080500,801257049,040003827,084190003,300705200,107032000,000078000,060009100,028500074,
001006435,000001000,050470980,002080709,008700612,064010050,910342807,027000090,603090500,
904670301,257800060,600509000,070010092,000008000,429700010,032050940,190000573,740006020,
300701920,706009800,890026403,002008034,070310000,500000210,910240060,080000340,204803100,
920340080,473801005,800706034,085009200,009000470,730060809,000000002,340000001,007254360,
290340000,700090265,501020090,050910072,402607051,900200600,304102000,120000040,000079023,
910340007,083097050,427000010,002680400,704209000,008034160,800000040,009000726,056003801,
004300001,007091240,190040800,709200506,002050030,000076912,405080000,270000158,000625370,
752031000,306509802,489000513,008050469,000300081,600200005,073000006,004700100,005028040,
000070090,706340001,801250740,102090074,409032005,500700020,913420650,007000000,054080010,
000400087,080700490,300920010,001670040,640830275,027549030,006050020,218000700,053004000,
000062300,349010700,050430001,002650009,008040162,064291038,000006000,080070054,900320607,
307000960,092060000,010009074,004003200,800701096,169002753,048270500,075100640,600000800,
908001040,700420050,000300926,157000060,096705201,080100700,070984000,830250690,540010000,
000020568,000000000,087910342,470130000,062090000,030760210,005800026,700309850,891250003,
031000006,049200038,020010045,750006000,208005600,096032750,062070004,005009307,070561020,
108900040,043800027,000000000,000107002,009042006,724060310,001605974,800700001,067219805,
108900040,043800027,000000000,000107002,009042006,724060310,001605974,800700001,067219805,
378629405,009001760,000040008,000180090,002004057,006537200,010200500,057000001,904310670,
002010069,400009080,906428705,040376150,730500020,001000340,500000090,894060010,000954002,
004500080,357804610,812006500,040380700,000060098,028059000,060000830,501670942,070000100,
900000002,402005086,650400000,865132000,304090061,029000000,006070543,743256108,001009000,
700904010,380057694,450000002,900705200,010802069,020000705,290001300,100300026,670420000,
200600830,908530602,001807040,060053000,704208000,023496000,080060005,000105763,506304000,
000900003,340010600,056400008,132658000,090743060,064291800,020080319,000020080,080009450,
060100749,074590612,020000350,096870005,500000076,703006000,658400000,000015800,910680004,
050300060,920001453,400256908,704098621,200700080,000000794,060007130,042010006,100000002,
208003750,006071803,750040109,530000008,609010205,007490001,002100307,005600490,370080000,
000500163,049013507,500620804,490105382,218000400,050208900,000000008,005706200,300900600,
948600301,005800469,600540200,307415690,000063800,010920004,000390008,020057000,100204000,
290005000,500703409,000908561,000040610,900800007,003672080,640050800,820306045,305200100,
008000000,490157002,003004190,185060020,000020060,960405300,030072004,049030057,827009013,
496570002,218063740,750000090,501026000,600308050,020400613,900004300,005007400,300200060,
027501984,013009200,004007600,075400832,300018700,008050100,036185009,000000370,980300000,
030870540,270000001,908010070,000469150,000200090,169730084,007000405,000150703,010340028,
091300002,020008940,045009178,409506030,002007800,538000407,900805704,680000010,000701006,
479600130,508019760,100730508,003560407,250090003,000042915,026001009,000006000,000400006,
003200010,010069075,096075302,060050008,080036249,070900000,001007090,000000527,827090163,
006250100,519607020,704900586,650001037,903720000,070040000,200000008,060530091,800160003,
560010007,340680910,097054683,209500000,000160098,080000030,003001000,906305071,850026000,
304000029,002049058,019200300,200683001,078010000,930400065,080760012,407002500,120000030,
000902738,060005009,829300601,001006082,093010405,080700910,900007000,038600500,000501894,
000670013,010040802,000030090,308015006,400760058,001900007,000090200,832157009,090204735,
801005609,009000050,056091074,030470006,508102400,700038902,020003060,000087040,083250700,
900000672,050409001,000000000,300602005,429015763,501704000,002006157,196500200,000020396,
600810270,030607940,000500630,406070003,218009704,700208060,002450000,100030490,004000516,
005809470,020060001,070000069,400000100,002108906,300940028,230750694,500003800,690002350,
409105006,001074982,300002001,900530620,050009010,003827000,832406175,000018009,000000200,
070004130,000207006,005013020,001002000,002190057,003045802,010378260,367000580,809001070,
871002040,000815006,050430001,100658079,760000500,098043060,007080003,915000000,083170200,
003200010,010069075,096075302,060050008,080036249,070900000,001007090,000000527,827090163,
006000802,700428096,210030705,031000980,000100007,820950003,300002060,085076000,902501308,
060000503,081002004,450016070,208065300,073024050,140000900,007000060,906047281,004001035,
032000070,004219500,000700102,801000045,340001006,250400800,400500013,015340600,680190204,
060100400,005000000,920347560,602013080,801090057,000002010,150409032,300081740,004705090,
079132085,060590700,508700210,000800900,706340000,801200403,087000300,903000508,250000190,
007600254,002010000,060027913,000870005,050340700,473206000,734590062,210000030,600002070,
007680001,000030805,580209060,930060024,608040509,000190086,354026000,009000600,062051040,
008010002,302680950,190004008,680409023,000062580,009530700,026305800,000720004,403000200,
507690002,930002745,000307100,045060308,200400000,000081020,009020013,300006057,700130984,
930270050,080035920,605001473,740190500,500860042,300020107,013049080,009000700,000000200,
000010060,102030508,470005102,345900870,700001340,891403200,680042005,010060407,000090000,
046832050,028045090,000196200,409007001,350900072,080600000,700500020,800009760,600370405,
030870540,270000001,908010070,000469150,000200090,169730084,007000405,000150703,010340028,
009218000,170096800,040050006,451060370,000005009,902370500,600501000,000049257,094800013,
003009060,580007029,260504078,004700000,010600005,357482100,008000000,006000257,105076984,
361549000,008002530,020801000,200000406,000090210,000004750,837005960,902700080,150900374,
000100300,082060470,000040010,020401708,850700200,703982000,270594003,406810507,300020090,
050672000,200000600,409801200,020090050,573284009,040057023,600405007,800003400,034908006,
873410900,065028070,020703000,540000210,208007490,690080000,480000500,700031609,010009807,
050000190,000000042,910027568,345001906,700340000,890206003,008700210,160008004,000100685,
003200010,010069075,096075302,060050008,080036249,070900000,001007090,000000527,827090163,
370062000,029100700,501000928,800496107,040010096,106753004,984000000,000000030,610020540,
000900003,340010600,056400008,132658000,090743060,064291800,020080319,000020080,080009450,
009800100,162070500,030129700,026080300,345006000,001743006,910658400,000030005,204900080,
894000051,007003069,060504000,038451000,200006805,600002700,380175000,400369108,010000570,
070004130,000207006,005013020,001002000,002190057,003045802,010378260,367000580,809001070,
000310020,400080010,907402380,080607900,006000000,043000052,865004230,070201895,120035007,
306200570,157000200,280030600,010006830,063100900,000347150,670000000,001600720,509870360,
340070290,700300000,090206040,087905032,003020600,004003010,160590300,000132805,038004029,
000904600,040000831,820610000,090832107,218745000,703006000,002000400,185429060,370000020,
005709030,734602508,200308760,500093400,107000003,000860905,920005001,001270300,000980050,
006045078,801006943,000091000,700000805,680009030,209008007,508010020,300607000,097054386,
029005170,058026903,300000602,000479001,400160000,900508400,800900024,043007010,000054386,
027568090,000007504,005340007,100605740,508730002,700200350,040001070,800906430,006470000,
000301060,000008042,638425197,394070000,200100470,000004006,123900680,089006004,040000210,
501702084,009301057,820400600,406017800,210006000,050000096,060140000,100600420,074290500,
003000850,600010034,000600700,000064001,470002568,162508403,801206300,020000105,045800690,
000301060,000008042,638425197,394070000,200100470,000004006,123900680,089006004,040000210,
020345007,050006300,400001265,730100009,605079003,209008700,042007951,000050038,060000402,
560900007,000687910,190250600,605400002,210008064,004002098,900045871,050000000,070001250,
820300009,009750800,030080600,006230007,218547000,700090080,004105008,060070410,005904763,
047000000,050630492,926150000,060070000,001060050,730042109,003020948,002405601,090000275,
000000830,035482100,080000000,013276004,872005000,604030250,900014070,008007029,300029561,
004300001,007091240,190040800,709200506,002050030,000076912,405080000,270000158,000625370,
047093508,000000040,000500190,312049600,900612700,670008019,081005926,009006800,000001073,
290873010,400005920,010024000,000089600,004000830,082310500,009238007,800047000,305090284,
060200831,000084000,007603049,046802100,003096000,120705006,730001020,815029700,000070015,
370906400,420158000,500307080,603800090,000094800,080010607,032469100,740000360,096005000,
000070984,604800200,070040603,409107800,201000740,005284090,026005008,100000409,007908560,
827300049,649050830,000489600,000601200,210007006,490000157,180024700,000073000,304100000,
800473000,026851090,005000800,013008400,607302900,050097608,062730500,030200706,400600020,
080709002,034010090,000308000,006430801,001276040,003001256,000090027,340867900,090504003,
020506010,603179000,010300000,001002340,349010026,206407800,000658000,508743060,760001000,
000065928,105020760,002800000,530489000,640700830,007010049,490008157,018000300,000091200,
254630700,010002800,007951040,070000580,162009407,038700902,720300008,300800609,091000000,
405000000,003209100,020051074,670890530,831020009,000000800,150302406,090405000,280910750,
490103600,020009003,500046000,002300810,050007962,019205007,000608070,070950320,031400580,
000340070,501020049,740800056,800470130,029508000,004060000,000013420,432607000,007254600,
040071902,020009800,890050030,013400580,607000004,250083109,070002650,102000040,038704001,
096157030,018006700,003200100,531600004,600800050,000509003,900010308,085760020,070908560,
058070002,040062098,291030700,006900407,320600015,070254603,000891206,000020040,000000801,
060100400,005000000,920347560,602013080,801090057,000002010,150409032,300081740,004705090,
070206340,009501700,250740890,060100000,500004162,130800400,420058013,015400000,680000050,
040830500,000045030,500106004,000004060,287003059,069000381,092070105,805020073,730000098,
207000068,090687302,800250190,310009600,000060704,074008219,000091400,030000851,700040006,
400000069,003200081,000600400,157000690,000070802,204016000,500003728,602894030,831520040,
020009500,900700320,600450100,801500062,340600010,256100430,100004008,004835200,508000740,
302080105,007200060,508900047,080400302,030160058,010500670,020345001,000026009,000090526,
870549000,000801250,013000900,906400000,008763409,340920500,009150802,080300000,730280006,
068910400,342007000,007000080,005479030,004002090,010000704,020340070,400091206,801026349,
008420910,432015087,900080204,800002070,074008000,029004530,000070000,043006090,580009726,
070890000,050000304,020040010,568900472,000600000,107050638,730102080,600470100,209038706,
000910407,304680010,079050603,902000801,015006340,030090050,200530700,003100090,600470130,
006031070,437005000,010467008,029178300,000000026,300050000,805004910,003509087,790086004,
276013000,040870000,008690702,051069030,000001540,080730090,510026803,367100900,000040060,
000540000,000002080,649830057,062000300,100703420,300920060,096100030,200096700,753200196,
005809470,020060001,070000069,400000100,002108906,300940028,230750694,500003800,690002350,
496007002,018006705,003200190,004900500,100003020,060415300,501602900,649800007,820009000,
832007090,005000802,100004007,000001900,900072105,603009708,000415260,560020470,400003581,
002010069,400009080,906428705,040376150,730500020,001000340,500000090,894060010,000954002,
501060024,060400073,070000105,000007208,802390547,300284090,005600400,020000310,946001700,
000683050,500427910,042000000,605002079,030090160,209764538,000000700,070006891,026800000,
030027058,200680010,070005402,007030005,006098000,503764009,050000290,762009080,810056700,
078410009,501020470,029060000,030007694,045300810,100000300,904672130,600000708,000831000,
006100345,801040720,003602891,560020913,342009087,007300000,080001470,010467000,000000000,
008420910,432015087,900080204,800002070,074008000,029004530,000070000,043006090,580009726,
005809470,020060001,070000069,400000100,002108906,300940028,230750694,500003800,690002350,
000740006,406800507,700090004,030984700,820613409,040000300,062370005,005409000,070061208,
030040007,040021390,190000080,378200010,400518700,001400020,013700040,257900830,900003072,
030040007,040021390,190000080,378200010,400518700,001400020,013700040,257900830,900003072,
000200700,050096832,080700006,410000078,020074500,703185400,002531004,031640050,009000610,
027568090,000007504,005340007,100605740,508730002,700200350,040001070,800906430,006470000,
030870540,270000001,908010070,000469150,000200090,169730084,007000405,000150703,010340028,
410060078,703501420,008473060,050094830,390010700,284300000,600000080,001940000,049028000,
087050000,490036100,510982004,000005406,700069010,100040750,200813609,940007030,000004807,
006250100,519607020,704900586,650001037,903720000,070040000,200000008,060530091,800160003,
240560090,063090025,005300760,012605940,908000000,600200053,700906004,006473100,000001072,
000870430,001000276,070200901,019000058,030008610,685032700,068400103,000600020,342005800,
100470000,000162704,060000000,871045906,300000051,256090070,027010508,015680042,603000100,
420003081,001000003,078015069,000600035,257000946,000009008,190284000,745306002,000150600,
030501906,047900020,690042503,060009034,020000810,073100692,400026300,010095200,052000000,

609000000,801763009,040908651,007000910,082006005,000100380,300672800,096830520,200040003,
948600301,005800469,600540200,307415690,000063800,010920004,000390008,020057000,100204000,
080530276,050600000,613000000,006050000,032000701,745008693,070960500,400180067,500004829,
010300002,908510370,760000085,050020496,000754000,280160050,672040030,800005049,500000807,
007680001,000030805,580209060,930060024,608040509,000190086,354026000,009000600,062051040,
068000930,042000600,190080040,085201007,700890000,209007503,020100050,850040760,473052009,
900130080,000000007,800764912,600009108,503870609,000050074,019400005,000900243,002683700,
000300020,003250108,000800043,004090200,680102070,010760800,340915700,068400310,197000402,
300010002,092307800,016829004,900070350,601040000,275138000,820051906,700090100,000402000,
027500900,003100200,015304007,700201500,598043160,132000000,801960345,009000000,006037090,
080530276,050600000,613000000,006050000,032000701,745008693,070960500,400180067,500004829,
609000000,801763009,040908651,007000910,082006005,000100380,300672800,096830520,200040003,
740080020,602437589,350000700,190860470,060003900,004001008,030600010,206000304,000074205,
800107469,005306080,000004035,980070010,257830090,010000872,008000900,420703100,061900300,
000407000,901683000,020005070,000801050,010009762,734056000,190704083,040598026,056100000,
801003906,009007850,250100470,500061704,760830000,032000000,020019500,005000302,000452197,
010096830,930200040,824703100,005900000,600085429,208004061,700030080,000800003,001049207,
006150002,703280006,010096040,900405078,000000400,374008561,501070080,009830057,000009603,
304090160,860002409,009764000,000800000,081049000,000056090,058400910,002010680,907680254,
240000107,608915302,900027060,097132605,000508034,500000000,702309801,000800000,019000470,
400006200,380050000,010200753,651900074,000703100,700015962,094670030,100009800,500001609,
000072000,600030000,027509610,105060420,902015300,000900061,406100830,700080190,018096045,
050672000,200000600,409801200,020090050,573284009,040057023,600405007,800003400,034908006,
218005000,490382050,000900004,004001020,080009003,002700415,007163009,649527800,500800600,
850900720,926170300,003652000,568000013,197006004,300509607,000407000,004800000,600231000,
247910060,005007043,803250091,000479006,950162400,070030002,700005000,400700050,006801004,
704530200,008160000,102000685,007910068,005007302,680054190,000700800,250000473,000040026,
030501906,047900020,690042503,060009034,020000810,073100692,400026300,010095200,052000000,
080409360,260008004,070001020,604802051,012705003,000100480,100000276,040207008,728000005,
049300057,500760900,027050610,090017002,218000040,003020006,000045370,004090001,180673009,
302600901,000910002,090054008,020045817,850700300,400000265,605009020,030002500,009508046,
002010069,400009080,906428705,040376150,730500020,001000340,500000090,894060010,000954002,
005709030,734602508,200308760,500093400,107000003,000860905,920005001,001270300,000980050,
096157030,018006700,003200100,531600004,600800050,000509003,900010308,085760020,070908560,
800473000,026851090,005000800,013008400,607302900,050097608,062730500,030200706,400600020,
500000427,302600015,100200680,000305800,051726040,073890000,600409032,730100000,219000700,
801000000,250070090,040008026,007805013,005043007,003790004,090407062,100586079,064012000,
405002308,060180409,908370501,000496000,396010705,080000106,549000003,000049250,002030000,
070301980,540200613,001009007,157900030,300100045,004500096,015602370,700800000,020000501,
000015370,058703400,347028000,510670004,600800057,800009010,469000002,081300000,730200190,
029370501,067000420,004000370,206530900,108040207,940020013,050406030,000210700,400050090,
060403800,007006040,300050006,123005409,589700060,700210500,400008013,600190204,050302600,
000301060,000008042,638425197,394070000,200100470,000004006,123900680,089006004,040000210,
409700032,281690005,730482006,000270900,000008200,002005613,900010378,150300000,000009560,
560900007,000687910,190250600,605400002,210008064,004002098,900045871,050000000,070001250,
903008400,050107003,687302900,000600000,538200000,102004090,300906070,726851040,000403250,
056891040,040700001,801005200,102070000,598060004,064038100,027003050,000204007,900080432,
906800000,050049602,473206009,000132907,704590010,009000000,002015068,560007301,100600400,
040800005,500002000,027040001,000050820,208396004,700084160,105060490,902000307,370908510,
032000070,004219500,000700102,801000045,340001006,250400800,400500013,015340600,680190204,
050672000,200000600,409801200,020090050,573284009,040057023,600405007,800003400,034908006,
094030100,812700096,300190000,030904600,008613049,006200001,403500008,500020700,060008415,
304090160,860002409,009764000,000800000,081049000,000056090,058400910,002010680,907680254,
370062000,029100700,501000928,800496107,040010096,106753004,984000000,000000030,610020540,
870549000,000801250,013000900,906400000,008763409,340920500,009150802,080300000,730280006,
009800100,162070500,030129700,026080300,345006000,001743006,910658400,000030005,204900080,
020000000,400090800,960204057,809600105,500800046,130009720,700415269,290000580,005008003,
038000254,001002607,070060903,700010030,500004102,123600000,817026000,394800706,205400000,
006000300,001903760,473000800,060720930,340500078,100380240,080201400,730000100,019407500,
000080005,068913400,100204083,026300800,000006040,470001250,680079130,000530064,034062000,
060000010,042105680,097063204,026700300,050430000,403506800,605300470,730000002,200074008,
030027058,200680010,070005402,007030005,006098000,503764009,050000290,762009080,810056700,
030501906,047900020,690042503,060009034,020000810,073100692,400026300,010095200,052000000,
004007830,010930705,357004100,030002984,000081000,020000600,473208001,260100078,501600400,
070000060,000067105,005029304,009076501,700000000,310045820,038001090,507693018,090480050,
030050406,040090218,006000753,000000020,904072030,057030600,370415002,560908304,400003005,
000065928,105020760,002800000,530489000,640700830,007010049,490008157,018000300,000091200,
094030100,812700096,300190000,030904600,008613049,006200001,403500008,500020700,060008415,
406751080,208000470,000000906,530200000,649130000,007905100,070829050,062010038,180007009,
820096007,700018000,069053200,087902400,490080063,000300908,631020009,040530000,000609801,
007002490,000005200,284016700,049003820,000500009,072094031,005738902,060000100,020601304,
000740006,406800507,700090004,030984700,820613409,040000300,062370005,005409000,070061208,
020506010,603179000,010300000,001002340,349010026,206407800,000658000,508743060,760001000,
870600045,050307000,309100720,100500079,000003102,760020500,080000204,905230087,427050010,
807000000,031002400,040000052,960410870,100703920,004908100,406107230,753000091,010006500,
302600901,000910002,090054008,020045817,850700300,400000265,605009020,030002500,009508046,
900000672,050409001,000000000,300602005,429015763,501704000,002006157,196500200,000020396,
021004830,403508201,060130000,092070540,105300000,007000008,050020300,230000086,710683450,
920800040,001340006,403056800,210064500,004500000,605102470,008020013,040010000,097603204,
218005000,490382050,000900004,004001020,080009003,002700415,007163009,649527800,500800600,
080007001,610590800,200003640,000105400,000060208,000048003,070401902,029736100,061902074,
001002004,007509600,400830057,940007032,000396005,073080100,734000000,800700429,092405300,
407805009,003701050,010040786,102000074,098430000,060910805,000000040,309008600,200304198,
257801040,980670501,003540020,030050006,700090210,000204703,008015900,061008000,409060005,
350627000,069803207,000504010,730900561,800000400,600001300,020309045,000075800,573200006,
040608000,560900020,197240300,080097001,030106005,009503460,000350108,000060043,073009602,
001002406,600005018,082916000,000804500,108000609,000000827,514730062,307240000,020001370,
032000507,705218000,006003004,308062045,009180070,000004290,084031000,207049000,010007459,
050000960,036000085,982501004,000002096,309745008,240090000,810007009,600980030,094603800,
390002000,007004800,004050196,672100084,031940000,040700610,920403560,003501409,000069000,
800913400,040007905,090200600,600305070,150020309,370890050,407100000,080479030,900030064,
894000051,007003069,060504000,038451000,200006805,600002700,380175000,400369108,010000570,
080072001,050031649,000040807,008050400,040000208,601200050,920763080,070010062,165900300,
000460030,390001705,284000090,500870613,831090000,002510080,060000009,405026300,000047561,
805009740,003086090,090402060,020503000,050600904,004008620,000000203,430061050,910805476,
200087005,510090760,037000920,640820050,020050006,305069284,100900670,000005030,082001009,
090002010,208040930,703106800,000300145,185029600,074001208,000200080,500900762,800603000,
250710608,903800072,087004001,062403500,079060023,000901040,005090000,706080094,801040000,
300600004,409801007,007049600,946157802,020300745,070280000,000400000,805060020,734008500,
902810005,815304026,030000800,580070003,024901600,000030254,608003400,040080100,001006508,
004300001,007091240,190040800,709200506,002050030,000076912,405080000,270000158,000625370,
073000140,000000000,100074290,400531702,050000380,006820400,601750800,047018030,230096017,
900000002,402005086,650400000,865132000,304090061,029000000,006070543,743256108,001009000,
000080005,068913400,100204083,026300800,000006040,470001250,680079130,000530064,034062000,
000740006,406800507,700090004,030984700,820613409,040000300,062370005,005409000,070061208,
801003906,009007850,250100470,500061704,760830000,032000000,020019500,005000302,000452197,
050672000,200000600,409801200,020090050,573284009,040057023,600405007,800003400,034908006,
008420910,432015087,900080204,800002070,074008000,029004530,000070000,043006090,580009726,
010096830,930200040,824703100,005900000,600085429,208004061,700030080,000800003,001049207,
000058400,200000083,007400910,530100064,060074590,400005030,890043250,006001309,005200871,
060800500,005000367,370065809,609002100,001489200,000306900,050000400,010547003,096038051,
807603000,609007831,031004600,000006084,210700090,400802150,000008005,005420003,374500908,
068402100,000900807,000600004,080103749,734080600,019700350,800090076,003060981,020007400,
406751080,208000470,000000906,530200000,649130000,007905100,070829050,062010038,180007009,
900670531,000049820,270031049,000150400,004306200,069000053,000005962,002700005,500020370,
871002040,000815006,050430001,100658079,760000500,098043060,007080003,915000000,083170200,
050009813,980350607,600080594,832006000,700128009,190073200,370690050,020000700,000004000,
470032000,062590030,038704209,801250403,040071006,720300800,000000000,900407508,200080097,
002000070,180703020,304000001,531000904,800049600,040800057,096057830,010396040,050280090,
802096000,005018030,106700024,078902105,000105603,001000098,984031700,250049080,600000000,
000008354,700602810,000900702,058704000,432510678,010006005,860030000,300095120,009007080,
000902738,060005009,829300601,001006082,093010405,080700910,900007000,038600500,000501894,
700904010,380057694,450000002,900705200,010802069,020000705,290001300,100300026,670420000,
605400302,734060058,010530000,042607195,097004060,000013007,906305000,470091020,000020000,
409072013,702830600,016049870,200100060,547000200,690004035,803400006,000003100,060900040,
005020009,406810050,070000316,500240600,064070238,180300000,609001800,740900060,000736024,
740080020,602437589,350000700,190860470,060003900,004001008,030600010,206000304,000074205,
000340070,501020049,740800056,800470130,029508000,004060000,000013420,432607000,007254600,
200070000,000102734,467008009,000910008,010087000,086254107,008340020,940020850,650090400,
307960015,490005703,500000920,000001072,601020000,000049800,823000007,069053204,054010390,
090300600,120050730,083604009,700039851,054781906,000026003,031200500,008090040,040003000,
700010540,904050830,003904600,820045000,000802107,075100200,296070000,510000763,007061020,
496007002,018006705,003200190,004900500,100003020,060415300,501602900,649800007,820009000,
090250680,005910020,043087905,407102508,080070032,900000004,304800000,150020300,600005801,
560900427,300680900,090004000,020005801,801020300,400890056,730100090,219000064,080400032,
000910407,304680010,079050603,902000801,015006340,030090050,200530700,003100090,600470130,
091050680,000687005,800013020,400002000,002008760,086400100,304800250,158000340,029005071,
900670531,000049820,270031049,000150400,004306200,069000053,000005962,002700005,500020370,
000531000,000040301,100800000,004005600,003902140,615070098,020096010,057208006,061753024,
070904501,000007600,000613007,057002096,306705200,080190700,010000062,928501004,060400085,
000065928,105020760,002800000,530489000,640700830,007010049,490008157,018000300,000091200,
000300020,003250108,000800043,004090200,680102070,010760800,340915700,068400310,197000402,
820040060,001600890,009831507,490157000,000000000,053004000,960415008,100763200,300028051,
501702084,009301057,820400600,406017800,210006000,050000096,060140000,100600420,074290500,
415069070,003001020,000403500,672100004,830000057,500008013,280007106,096000045,150600800,
009400068,806905302,502083097,000000600,080704000,621590730,003001920,000040850,010056400,
300009178,006150940,091300650,900005020,600240500,004000300,070086200,160407890,500002407,
672003004,031000250,040000013,107040000,390000045,200075106,005096378,060508009,900007501,
000200700,050096832,080700006,410000078,020074500,703185400,002531004,031640050,009000610,
801296000,300081706,200000090,102065479,000109030,590300062,400000013,910000687,080007050,
006000751,200700090,050006480,902070004,374000800,185429007,001900070,009050100,027603045,
058409020,000060089,201030700,000013400,320080901,079000608,060005817,815700304,030090200,
060200831,000084000,007603049,046802100,003096000,120705006,730001020,815029700,000070015,
500601000,030075049,000948000,157000000,096000208,200169050,410307060,020510370,703400180,
005360400,962004070,304029060,820940013,049030057,000200980,406001002,000693005,003080000,
700904010,380057694,450000002,900705200,010802069,020000705,290001300,100300026,670420000,
605000100,200538760,030062000,000000206,050006309,906300071,007054083,042680010,060903407,
000000300,820070061,360105000,050406030,093218705,482003000,270031900,005007610,000609207,
020506010,603179000,010300000,001002340,349010026,206407800,000658000,508743060,760001000,
000102037,000409586,006008900,070000865,001600003,630200001,817345629,390020050,065000000,
030501906,047900020,690042503,060009034,020000810,073100692,400026300,010095200,052000000,
057940800,204000196,390100005,031000200,602350980,500207000,005602008,760015009,008730000,
000600107,680951300,003002568,040810020,000000850,090065073,409003085,162009030,500706000,
020030084,594007010,013000050,000218000,208000106,175096000,001062078,730085000,902000561,
870549000,000801250,013000900,906400000,008763409,340920500,009150802,080300000,730280006,
802400157,106753000,005008396,029005060,008060405,001370000,010807500,007040000,904500072,
150042006,274560010,006007402,010000040,000050000,060403190,020605900,985030060,040219830,
801049050,600031000,000827603,306210740,000006800,204700000,405000308,703080420,008074061,
910000427,000003915,254700680,470086032,060400008,500012060,340620001,000300000,026008009,
000600107,680951300,003002568,040810020,000000850,090065073,409003085,162009030,500706000,
307000960,092060000,010009074,004003200,800701096,169002753,048270500,075100640,600000800,
560010007,340680910,097054683,209500000,000160098,080000030,003001000,906305071,850026000,
247910060,005007043,803250091,000479006,950162400,070030002,700005000,400700050,006801004,
260003015,470000008,581004763,030489070,006002830,008310000,690008007,300090200,010500096,
060501800,473002005,501000024,810600000,090000030,357020601,005207480,946100750,008900010,
051309006,020871345,000200000,219764030,000130000,730008062,500420003,000915007,190000200,
003072409,090001752,070500006,030284600,201300040,069107000,906410000,100060920,307000105,
003050800,800900020,926008045,009460000,730805100,685001079,068024000,042000607,090080054,
068020013,342900600,190603000,400050891,020000340,050300000,704500060,605100409,010004538,
030040007,040021390,190000080,378200010,400518700,001400020,013700040,257900830,900003072,
080007001,610590800,200003640,000105400,000060208,000048003,070401902,029736100,061902074,
709002680,002050704,000000200,190007060,867195040,504000090,435780020,006400001,980506003,
302007940,405900100,000004500,890002000,027081069,163059007,708000002,209673010,050200004,
420003081,001000003,078015069,000600035,257000946,000009008,190284000,745306002,000150600,
004000039,510003006,000791542,078609450,043008200,052070008,230500000,090007021,407900300,
000034920,903002051,050180003,200047605,000006734,400050200,700301008,000060342,386400100,
083002410,204005000,010074028,300490150,007010006,900753080,840000600,500040031,136020500,
000683050,500427910,042000000,605002079,030090160,209764538,000000700,070006891,026800000,
009501378,080300400,400092000,035207000,940103250,000950610,694710030,000630740,050008000,
